50 56
1 3 6 4
5 1 2 3 4 5
1 9
3 47 48 49
3 19 20 21
2 5 11 3
5 1 2 3 4 5
2 54 55
2 17 18
3 4 13 2
5 1 2 3 4 5
2 32 33
4 8 16 4
3 6 7 8
3 39 40 41
2 52 53
1 24
5 5 12 3
3 6 7 8
4 42 43 44 45
2 50 51
6 4 8 2
3 6 7 8
2 52 53
7 4 10 3
5 1 2 3 4 5
2 30 31
3 25 26 27
8 6 16 3
5 1 2 3 4 5
2 37 38
3 34 35 36
9 8 9 3
3 6 7 8
2 50 51
1 56
10 4 21 3
5 1 2 3 4 5
3 34 35 36
3 10 11 12
11 3 5 3
5 1 2 3 4 5
3 47 48 49
3 10 11 12
12 4 9 2
3 6 7 8
4 42 43 44 45
13 5 15 4
5 1 2 3 4 5
2 32 33
3 34 35 36
1 13
14 7 14 3
3 6 7 8
2 52 53
2 50 51
15 2 12 4
5 1 2 3 4 5
2 37 38
3 47 48 49
3 19 20 21
16 3 19 4
5 1 2 3 4 5
2 54 55
2 30 31
2 28 29
17 4 22 2
3 6 7 8
1 46
18 3 24 3
3 6 7 8
3 39 40 41
1 22
19 6 27 3
5 1 2 3 4 5
3 34 35 36
1 9
20 5 18 3
5 1 2 3 4 5
3 47 48 49
1 13
21 2 12 4
5 1 2 3 4 5
2 54 55
1 9
2 17 18
22 4 8 2
3 6 7 8
2 52 53
23 4 17 3
3 6 7 8
3 39 40 41
1 22
24 8 30 3
3 6 7 8
4 42 43 44 45
1 46
25 3 11 3
5 1 2 3 4 5
3 34 35 36
2 17 18
26 5 25 3
5 1 2 3 4 5
1 9
3 10 11 12
27 3 21 4
5 1 2 3 4 5
2 54 55
2 30 31
1 13
28 8 31 3
5 1 2 3 4 5
3 47 48 49
3 19 20 21
29 7 28 3
5 1 2 3 4 5
3 47 48 49
2 54 55
30 6 33 3
5 1 2 3 4 5
2 37 38
3 10 11 12
31 2 21 2
3 6 7 8
4 42 43 44 45
32 3 19 3
3 6 7 8
4 42 43 44 45
2 50 51
33 4 25 2
3 6 7 8
2 50 51
34 4 37 2
3 6 7 8
2 52 53
35 5 17 4
3 6 7 8
1 46
4 42 43 44 45
1 56
36 2 22 3
3 6 7 8
2 50 51
2 52 53
37 3 41 3
3 6 7 8
4 42 43 44 45
1 23
38 7 27 3
5 1 2 3 4 5
2 54 55
3 34 35 36
39 4 23 3
5 1 2 3 4 5
2 30 31
1 13
40 5 18 3
5 1 2 3 4 5
1 9
2 30 31
41 2 25 2
5 1 2 3 4 5
2 54 55
42 2 31 2
5 1 2 3 4 5
2 32 33
43 4 26 4
5 1 2 3 4 5
3 34 35 36
2 54 55
2 17 18
44 5 19 3
5 1 2 3 4 5
2 54 55
3 19 20 21
45 6 21 3
5 1 2 3 4 5
3 47 48 49
1 9
46 7 34 2
5 1 2 3 4 5
2 54 55
47 4 29 2
3 6 7 8
3 39 40 41
48 3 31 4
3 6 7 8
4 42 43 44 45
3 39 40 41
1 23
49 5 17 3
3 6 7 8
4 42 43 44 45
1 46
50 6 14 3
5 1 2 3 4 5
2 30 31
2 32 33
