0 3 : [1, 9, 47, 19]
0 4 : [1, 55, 17]
0 6 : [1, 33]
0 4 : [8, 39, 52, 24]
0 8 : [6, 43, 51]
4 9 : [7, 53]
0 4 : [3, 30, 25]
0 3 : [2, 37, 34]
4 8 : [8, 50, 56]
8 13 : [2, 36, 10]
0 3 : [4, 48, 10]
8 16 : [7, 42]
3 8 : [3, 32, 34, 13]
3 8 : [6, 53, 50]
3 9 : [5, 37, 49, 20]
9 16 : [4, 55, 31, 28]
4 7 : [7, 46]
6 10 : [6, 41, 22]
13 18 : [5, 36, 9]
7 12 : [5, 47, 13]
16 20 : [4, 54, 9, 18]
16 19 : [6, 52]
8 12 : [6, 40, 22]
18 22 : [7, 44, 46]
8 10 : [3, 35, 18]
9 11 : [4, 9, 11]
10 15 : [5, 54, 31, 13]
10 15 : [3, 47, 19]
19 21 : [2, 49, 54]
11 17 : [5, 38, 12]
12 18 : [8, 43]
12 14 : [8, 42, 51]
14 21 : [8, 51]
20 22 : [6, 53]
15 17 : [7, 46, 45, 56]
21 25 : [6, 50, 52]
22 25 : [6, 45, 23]
15 18 : [4, 55, 34]
17 21 : [1, 30, 13]
22 30 : [4, 9, 31]
17 27 : [2, 54]
25 28 : [3, 33]
18 22 : [2, 35, 54, 17]
25 29 : [2, 55, 21]
18 25 : [3, 48, 9]
28 32 : [1, 55]
21 28 : [8, 39]
29 32 : [8, 42, 40, 23]
21 29 : [7, 44, 46]
22 32 : [1, 30, 32]
Suma spoznien wynosi: 12
