0 2 : [1, 47, 9]
0 4 : [2, 32, 17]
0 5 : [3, 9, 37]
0 4 : [4, 54, 28]
0 5 : [6, 39, 22]
0 4 : [7, 42, 40]
0 3 : [8, 50, 24]
3 6 : [8, 51, 46]
4 8 : [7, 43]
0 6 : [5, 30, 25]
2 6 : [1, 33, 55]
4 9 : [2, 31, 19]
4 12 : [4, 9, 48]
5 14 : [3, 9]
6 13 : [1, 38, 32]
6 10 : [5, 30, 13]
9 13 : [2, 33, 14]
5 12 : [6, 44, 13]
6 13 : [8, 41, 52]
8 12 : [7, 50, 53]
12 17 : [6, 46, 24]
10 13 : [5, 49, 29]
12 16 : [4, 37, 20]
13 16 : [1, 38, 54]
13 15 : [2, 34, 32]
13 17 : [5, 35, 55, 18]
14 21 : [3, 54, 21]
15 21 : [2, 47, 9]
16 24 : [1, 55]
12 16 : [7, 40]
16 26 : [4, 54, 36, 28]
17 27 : [5, 55, 48]
21 25 : [2, 9, 49, 19]
21 23 : [3, 37, 20]
23 28 : [3, 9, 31]
13 20 : [8, 39, 45]
24 30 : [1, 38, 54, 29]
16 21 : [7, 53, 53]
17 21 : [6, 51, 56]
25 30 : [2, 9, 37, 21]
26 32 : [4, 47, 33]
27 38 : [5, 9, 34, 17]
28 32 : [3, 49, 30]
20 26 : [8, 41, 22]
21 25 : [6, 42, 46]
30 36 : [1, 35, 18]
30 43 : [2, 9, 10]
32 50 : [3, 9, 48]
32 40 : [4, 32, 36, 15]
21 25 : [7, 43, 40]
36 39 : [1, 55, 31, 28]
25 29 : [6, 46]
25 29 : [7, 39, 22]
38 56 : [5, 35, 9]
39 44 : [1, 47, 13]
26 29 : [8, 44, 23]
40 44 : [4, 34, 33]
43 47 : [2, 54, 18]
44 49 : [1, 36, 55, 11]
29 34 : [6, 45, 46]
44 50 : [4, 30, 32]
47 50 : [2, 54, 31]
49 53 : [1, 37, 12]
50 61 : [2, 9, 49]
50 56 : [3, 47, 33]
50 69 : [4, 9, 34, 17]
29 37 : [7, 40, 52, 24]
29 34 : [8, 42, 50]
34 38 : [6, 53]
53 57 : [1, 30, 26]
56 62 : [3, 38, 36]
56 61 : [5, 48, 13]
57 59 : [1, 55, 35, 18]
34 41 : [8, 52]
37 41 : [7, 41, 22]
38 46 : [6, 43, 46]
59 62 : [1, 32]
61 63 : [2, 31, 54, 29]
61 66 : [5, 55, 28]
62 69 : [1, 37]
62 69 : [3, 47, 38, 29]
63 71 : [2, 54, 27]
66 74 : [5, 18, 13]
69 72 : [1, 30, 35]
69 73 : [3, 33, 37]
69 74 : [4, 48, 9, 25]
71 78 : [2, 55, 26]
72 78 : [1, 31, 49]
73 81 : [3, 32, 17]
74 78 : [4, 38, 9]
74 82 : [5, 47, 54]
78 81 : [1, 33]
78 82 : [2, 36, 10]
78 83 : [4, 9, 30, 13]
41 49 : [7, 44, 39, 22]
41 46 : [8, 51, 53]
46 52 : [6, 46, 24]
46 52 : [8, 50, 56]
81 85 : [1, 48, 55]
81 86 : [3, 9, 32]
