0 3 : [1, 9, 47, 19]
0 4 : [2, 54, 17]
0 5 : [1, 33]
0 4 : [7, 39, 53, 24]
0 4 : [6, 43, 50]
0 8 : [7, 53]
0 3 : [3, 30, 25]
4 8 : [1, 38, 36]
0 5 : [8, 50, 56]
3 7 : [3, 34, 11]
3 5 : [4, 48, 10]
4 10 : [6, 42]
4 11 : [5, 32, 34, 13]
8 13 : [7, 52, 51]
8 13 : [2, 37, 49, 21]
11 19 : [4, 55, 31, 28]
5 7 : [8, 46]
5 8 : [6, 41, 22]
5 11 : [5, 35, 9]
7 13 : [2, 47, 13]
7 12 : [4, 55, 9, 18]
13 17 : [6, 52]
13 18 : [6, 40, 22]
8 11 : [8, 44, 46]
10 15 : [4, 34, 17]
11 16 : [5, 9, 12]
11 21 : [2, 55, 31, 13]
12 15 : [1, 47, 19]
13 20 : [1, 48, 54]
15 21 : [2, 37, 10]
17 20 : [7, 43]
18 22 : [6, 42, 51]
19 21 : [7, 51]
20 22 : [7, 53]
21 25 : [8, 46, 45, 56]
22 25 : [6, 50, 52]
22 30 : [6, 42, 23]
15 22 : [3, 55, 35]
16 20 : [4, 31, 13]
20 22 : [4, 9, 30]
20 22 : [1, 54]
21 26 : [4, 32]
21 27 : [2, 36, 54, 18]
22 30 : [3, 54, 20]
22 29 : [5, 49, 9]
25 29 : [3, 55]
25 28 : [6, 40]
28 32 : [7, 45, 39, 23]
29 32 : [8, 44, 46]
22 28 : [4, 30, 33]
Suma spoznien wynosi: 27
