0 3 : [1, 9, 47, 19]
0 5 : [2, 54, 17]
0 4 : [3, 32]
0 3 : [7, 40, 53, 24]
0 5 : [6, 42, 50]
0 4 : [7, 52]
0 4 : [5, 30, 25]
3 9 : [1, 37, 34]
0 8 : [8, 51, 56]
3 8 : [2, 35, 10]
4 8 : [4, 48, 10]
5 9 : [6, 43]
4 9 : [3, 33, 35, 13]
8 15 : [7, 52, 50]
4 6 : [5, 38, 49, 20]
5 8 : [2, 55, 30, 28]
8 13 : [6, 46]
9 13 : [8, 41, 22]
13 18 : [2, 34, 9]
13 16 : [1, 48, 13]
6 10 : [5, 54, 9, 18]
15 23 : [7, 53]
16 19 : [6, 39, 22]
18 22 : [6, 44, 46]
8 11 : [2, 36, 17]
8 15 : [4, 9, 11]
9 12 : [1, 55, 30, 13]
9 17 : [3, 47, 21]
10 15 : [1, 47, 55]
11 17 : [2, 38, 12]
19 21 : [8, 43]
12 17 : [8, 42, 51]
21 25 : [8, 50]
22 30 : [8, 53]
15 21 : [6, 46, 45, 56]
23 25 : [7, 51, 52]
25 28 : [7, 42, 23]
15 19 : [5, 54, 36]
17 21 : [1, 31, 13]
17 21 : [4, 9, 31]
17 19 : [3, 54]
19 21 : [3, 32]
19 26 : [5, 34, 55, 18]
21 28 : [5, 54, 19]
21 27 : [4, 49, 9]
21 33 : [3, 54]
25 29 : [8, 39]
28 31 : [7, 45, 41, 23]
29 33 : [8, 44, 46]
21 27 : [4, 30, 33]
Suma spoznien wynosi: 25
