0 3 : [1, 9, 47, 19]
0 5 : [4, 55, 18]
0 2 : [5, 32]
0 3 : [8, 40, 53, 24]
0 3 : [8, 42, 51]
0 8 : [7, 52]
0 4 : [5, 31, 25]
0 5 : [3, 38, 34]
2 8 : [6, 50, 56]
3 8 : [4, 34, 11]
4 8 : [4, 49, 10]
3 8 : [7, 43]
5 9 : [1, 32, 35, 13]
3 7 : [6, 52, 51]
5 10 : [3, 37, 48, 20]
7 9 : [5, 55, 30, 28]
8 10 : [6, 46]
8 14 : [8, 41, 22]
8 12 : [2, 34, 9]
8 11 : [2, 49, 13]
8 12 : [2, 54, 9, 17]
9 13 : [8, 53]
10 15 : [7, 39, 22]
9 12 : [8, 42, 46]
11 14 : [3, 36, 17]
10 17 : [2, 9, 12]
12 21 : [3, 55, 30, 13]
12 17 : [5, 47, 21]
13 21 : [4, 49, 54]
12 20 : [1, 37, 10]
14 19 : [6, 44]
14 18 : [7, 44, 50]
17 22 : [7, 50]
15 20 : [7, 53]
17 20 : [7, 46, 42, 56]
18 25 : [7, 51, 52]
19 24 : [8, 45, 23]
20 22 : [3, 55, 36]
20 23 : [1, 30, 13]
20 27 : [2, 9, 30]
22 26 : [5, 54]
22 26 : [3, 32]
21 28 : [3, 35, 55, 18]
23 27 : [1, 54, 20]
21 32 : [4, 48, 9]
24 30 : [5, 55]
26 29 : [8, 39]
26 30 : [6, 45, 40, 23]
25 27 : [6, 43, 46]
27 35 : [1, 31, 33]
Suma spoznien wynosi: 27
